notes
"Confidential Memorandum. This matter concerns a follow-up filing between the parties. Please direct all correspondence to Mary Jones at mary.jones@example.com regarding the amended schedule. The agreement was signed on 2024-05-02 and remains in effect until further notice."
